[gd_scene load_steps=2000 format=2]

[ext_resource path="res://addons/dreadpon.spatial_gardener/greenhouse/greenhouse_LOD_variant.gd" type="Script" id=1]
[ext_resource path="res://addons/dreadpon.spatial_gardener/arborist/mmi_octree/mmi_octree_manager.gd" type="Script" id=2]
[ext_resource path="res://addons/dreadpon.spatial_gardener/arborist/mmi_octree/mmi_octree_node.gd" type="Script" id=3]
[ext_resource path="res://client/scenes/client_main_imported_terrain_textures/slot0_normal_roughness.packed_tex" type="Texture" id=4]
[ext_resource path="res://client/scenes/client_main_imported_terrain_textures/slot0_albedo_bump.packed_tex" type="Texture" id=5]
[ext_resource path="res://addons/zylann.hterrain/hterrain.gd" type="Script" id=6]
[ext_resource path="res://addons/zylann.hterrain/hterrain_texture_set.gd" type="Script" id=7]
[ext_resource path="res://client/scenes/client_main_hterrain/data.hterrain" type="Resource" id=8]
[ext_resource path="res://addons/dreadpon.spatial_gardener/gardener/gardener.gd" type="Script" id=9]
[ext_resource path="res://client/prefabs/tree_oak_lod_1.tscn" type="PackedScene" id=10]
[ext_resource path="res://client/prefabs/tree_oak.tscn" type="PackedScene" id=11]
[ext_resource path="res://addons/dreadpon.spatial_gardener/arborist/placement_transform.gd" type="Script" id=12]
[ext_resource path="res://addons/dreadpon.spatial_gardener/arborist/arborist.gd" type="Script" id=13]
[ext_resource path="res://client/resources/models/oak_tree/oak_tree_lod_1.png" type="Texture" id=14]

[sub_resource type="ProceduralSky" id=3]

[sub_resource type="Environment" id=4]
background_mode = 2
background_sky = SubResource( 3 )
fog_color = Color( 0.780392, 0.72549, 0.615686, 1 )
fog_sun_color = Color( 1, 0.901961, 0.701961, 1 )
fog_sun_amount = 0.5
fog_depth_begin = 100.0
fog_depth_end = 500.0
tonemap_mode = 3
ssao_quality = 2
dof_blur_far_distance = 200.0
dof_blur_far_transition = 80.0
dof_blur_far_quality = 2
dof_blur_near_quality = 2
glow_enabled = true
glow_bloom = 0.25
glow_bicubic_upscale = true
adjustment_enabled = true
adjustment_saturation = 1.25

[sub_resource type="BoxShape" id=5]
extents = Vector3( 0.5, 0.5, 0.5 )

[sub_resource type="CubeMesh" id=6]
size = Vector3( 1, 1, 1 )

[sub_resource type="Resource" id=1]
resource_name = "Greenhouse_LODVariant"
script = ExtResource( 1 )
__meta__ = {
"class": "Greenhouse_LODVariant"
}
spawned_spatial = ExtResource( 11 )

[sub_resource type="Resource" id=1156]
resource_name = "Greenhouse_LODVariant"
script = ExtResource( 1 )
__meta__ = {
"class": "Greenhouse_LODVariant"
}
spawned_spatial = ExtResource( 10 )

[sub_resource type="Resource" id=1158]
resource_name = "MMIOctreeNode"
script = ExtResource( 3 )
__meta__ = {
"class": "MMIOctreeNode"
}
members = [  ]
child_nodes = [  ]
max_members = 75
min_leaf_extent = 1.0
octant = 0
is_leaf = true
center_pos = Vector3( -769, -853, -1 )
extent = 512.0
bounds = AABB( -1281, -1365, -513, 1024, 1024, 1024 )
max_bounds_to_center_dist = 886.81
min_bounds_to_center_dist = 512.0
active_LOD_index = 1
MMI_name = "MultiMeshInstance87"

[sub_resource type="Resource" id=1159]
resource_name = "MMIOctreeNode"
script = ExtResource( 3 )
__meta__ = {
"class": "MMIOctreeNode"
}
members = [  ]
child_nodes = [  ]
max_members = 75
min_leaf_extent = 1.0
octant = 1
is_leaf = true
center_pos = Vector3( -769, -853, 1023 )
extent = 512.0
bounds = AABB( -1281, -1365, 511, 1024, 1024, 1024 )
max_bounds_to_center_dist = 886.81
min_bounds_to_center_dist = 512.0
active_LOD_index = 1
MMI_name = "MultiMeshInstance88"

[sub_resource type="Resource" id=1160]
resource_name = "MMIOctreeNode"
script = ExtResource( 3 )
__meta__ = {
"class": "MMIOctreeNode"
}
members = [  ]
child_nodes = [  ]
max_members = 75
min_leaf_extent = 1.0
octant = 2
is_leaf = true
center_pos = Vector3( -769, 171, -1 )
extent = 512.0
bounds = AABB( -1281, -341, -513, 1024, 1024, 1024 )
max_bounds_to_center_dist = 886.81
min_bounds_to_center_dist = 512.0
active_LOD_index = 1
MMI_name = "MultiMeshInstance89"

[sub_resource type="Resource" id=1161]
resource_name = "MMIOctreeNode"
script = ExtResource( 3 )
__meta__ = {
"class": "MMIOctreeNode"
}
members = [  ]
child_nodes = [  ]
max_members = 75
min_leaf_extent = 1.0
octant = 3
is_leaf = true
center_pos = Vector3( -769, 171, 1023 )
extent = 512.0
bounds = AABB( -1281, -341, 511, 1024, 1024, 1024 )
max_bounds_to_center_dist = 886.81
min_bounds_to_center_dist = 512.0
active_LOD_index = 1
MMI_name = "MultiMeshInstance90"

[sub_resource type="Resource" id=1162]
resource_name = "MMIOctreeNode"
script = ExtResource( 3 )
__meta__ = {
"class": "MMIOctreeNode"
}
members = [  ]
child_nodes = [  ]
max_members = 75
min_leaf_extent = 1.0
octant = 4
is_leaf = true
center_pos = Vector3( 255, -853, -1 )
extent = 512.0
bounds = AABB( -257, -1365, -513, 1024, 1024, 1024 )
max_bounds_to_center_dist = 886.81
min_bounds_to_center_dist = 512.0
active_LOD_index = 0
MMI_name = "MultiMeshInstance91"

[sub_resource type="Resource" id=1163]
resource_name = "MMIOctreeNode"
script = ExtResource( 3 )
__meta__ = {
"class": "MMIOctreeNode"
}
members = [  ]
child_nodes = [  ]
max_members = 75
min_leaf_extent = 1.0
octant = 5
is_leaf = true
center_pos = Vector3( 255, -853, 1023 )
extent = 512.0
bounds = AABB( -257, -1365, 511, 1024, 1024, 1024 )
max_bounds_to_center_dist = 886.81
min_bounds_to_center_dist = 512.0
active_LOD_index = 1
MMI_name = "MultiMeshInstance92"

[sub_resource type="Resource" id=1164]
resource_name = "PlacementTransform"
script = ExtResource( 12 )
__meta__ = {
"class": "PlacementTransform"
}
placement = Vector3( 85.0625, 0.500061, -3.92969 )
surface_normal = Vector3( 0, 1, 5.90676e-07 )
transform = Transform( 0.387924, 0, -0.921691, 0, 1, 0, 0.921691, 0, 0.387924, 85.0625, 0.500061, -3.92969 )
octree_octant = 7

[sub_resource type="Resource" id=1165]
resource_name = "PlacementTransform"
script = ExtResource( 12 )
__meta__ = {
"class": "PlacementTransform"
}
placement = Vector3( 74.792, 0.500129, -4.14205 )
surface_normal = Vector3( -6.57906e-07, 1, -1.64477e-07 )
transform = Transform( 0.371374, 0, 0.928483, 0, 1, 0, -0.928483, 0, 0.371374, 74.792, 0.500129, -4.14205 )
octree_octant = 7

[sub_resource type="Resource" id=1166]
resource_name = "PlacementTransform"
script = ExtResource( 12 )
__meta__ = {
"class": "PlacementTransform"
}
placement = Vector3( 67.6191, 0.500075, -6.67958 )
surface_normal = Vector3( 8.80293e-07, 1, 4.40147e-07 )
transform = Transform( 0.197377, 0, 0.980328, 0, 1, 0, -0.980328, 0, 0.197377, 67.6191, 0.500075, -6.67958 )
octree_octant = 7

[sub_resource type="Resource" id=1167]
resource_name = "PlacementTransform"
script = ExtResource( 12 )
__meta__ = {
"class": "PlacementTransform"
}
placement = Vector3( 51.7774, 0.500121, -8.63481 )
surface_normal = Vector3( 0, 1, 1.12116e-06 )
transform = Transform( 0.0891488, 0, 0.996018, 0, 1, 0, -0.996018, 0, 0.0891488, 51.7774, 0.500121, -8.63481 )
octree_octant = 7

[sub_resource type="Resource" id=1168]
resource_name = "PlacementTransform"
script = ExtResource( 12 )
__meta__ = {
"class": "PlacementTransform"
}
placement = Vector3( 31.3291, 0.500129, -9.6619 )
surface_normal = Vector3( 1.05199e-06, 1, 5.25994e-07 )
transform = Transform( 0.16613, 0, -0.986104, 0, 1, 0, 0.986104, 0, 0.16613, 31.3291, 0.500129, -9.6619 )
octree_octant = 7

[sub_resource type="Resource" id=1169]
resource_name = "PlacementTransform"
script = ExtResource( 12 )
__meta__ = {
"class": "PlacementTransform"
}
placement = Vector3( 24.9297, 0.500081, -7.4114 )
surface_normal = Vector3( -2.08751e-07, 1, -6.00159e-07 )
transform = Transform( 0.254556, 0, 0.967058, 0, 1, 0, -0.967058, 0, 0.254556, 24.9297, 0.500081, -7.4114 )
octree_octant = 7

[sub_resource type="Resource" id=1170]
resource_name = "PlacementTransform"
script = ExtResource( 12 )
__meta__ = {
"class": "PlacementTransform"
}
placement = Vector3( 16.7718, 0.500017, -6.4199 )
surface_normal = Vector3( -1.097e-07, 1, -5.48498e-08 )
transform = Transform( 0.476185, 0, -0.879345, 0, 1, 0, 0.879345, 0, 0.476185, 16.7718, 0.500017, -6.4199 )
octree_octant = 7

[sub_resource type="Resource" id=1171]
resource_name = "MMIOctreeNode"
script = ExtResource( 3 )
__meta__ = {
"class": "MMIOctreeNode"
}
members = [ SubResource( 1164 ), SubResource( 1165 ), SubResource( 1166 ), SubResource( 1167 ), SubResource( 1168 ), SubResource( 1169 ), SubResource( 1170 ) ]
child_nodes = [  ]
max_members = 75
min_leaf_extent = 1.0
octant = 0
is_leaf = true
center_pos = Vector3( -1, -85, -257 )
extent = 256.0
bounds = AABB( -257, -341, -513, 512, 512, 512 )
max_bounds_to_center_dist = 443.405
min_bounds_to_center_dist = 256.0
active_LOD_index = 0
MMI_name = "MultiMeshInstance45"

[sub_resource type="Resource" id=1172]
resource_name = "MMIOctreeNode"
script = ExtResource( 3 )
__meta__ = {
"class": "MMIOctreeNode"
}
members = [  ]
child_nodes = [  ]
max_members = 75
min_leaf_extent = 1.0
octant = 0
is_leaf = true
center_pos = Vector3( -129, -213, 127 )
extent = 128.0
bounds = AABB( -257, -341, -1, 256, 256, 256 )
max_bounds_to_center_dist = 221.702
min_bounds_to_center_dist = 128.0
active_LOD_index = 1
MMI_name = "MultiMeshInstance2"

[sub_resource type="Resource" id=1173]
resource_name = "MMIOctreeNode"
script = ExtResource( 3 )
__meta__ = {
"class": "MMIOctreeNode"
}
members = [  ]
child_nodes = [  ]
max_members = 75
min_leaf_extent = 1.0
octant = 1
is_leaf = true
center_pos = Vector3( -129, -213, 383 )
extent = 128.0
bounds = AABB( -257, -341, 255, 256, 256, 256 )
max_bounds_to_center_dist = 221.702
min_bounds_to_center_dist = 128.0
active_LOD_index = 1
MMI_name = "MultiMeshInstance3"

[sub_resource type="Resource" id=1174]
resource_name = "MMIOctreeNode"
script = ExtResource( 3 )
__meta__ = {
"class": "MMIOctreeNode"
}
members = [  ]
child_nodes = [  ]
max_members = 75
min_leaf_extent = 1.0
octant = 2
is_leaf = true
center_pos = Vector3( -129, 43, 127 )
extent = 128.0
bounds = AABB( -257, -85, -1, 256, 256, 256 )
max_bounds_to_center_dist = 221.702
min_bounds_to_center_dist = 128.0
active_LOD_index = 1
MMI_name = "MultiMeshInstance4"

[sub_resource type="Resource" id=1175]
resource_name = "MMIOctreeNode"
script = ExtResource( 3 )
__meta__ = {
"class": "MMIOctreeNode"
}
members = [  ]
child_nodes = [  ]
max_members = 75
min_leaf_extent = 1.0
octant = 3
is_leaf = true
center_pos = Vector3( -129, 43, 383 )
extent = 128.0
bounds = AABB( -257, -85, 255, 256, 256, 256 )
max_bounds_to_center_dist = 221.702
min_bounds_to_center_dist = 128.0
active_LOD_index = 1
MMI_name = "MultiMeshInstance5"

[sub_resource type="Resource" id=1176]
resource_name = "MMIOctreeNode"
script = ExtResource( 3 )
__meta__ = {
"class": "MMIOctreeNode"
}
members = [  ]
child_nodes = [  ]
max_members = 75
min_leaf_extent = 1.0
octant = 4
is_leaf = true
center_pos = Vector3( 127, -213, 127 )
extent = 128.0
bounds = AABB( -1, -341, -1, 256, 256, 256 )
max_bounds_to_center_dist = 221.702
min_bounds_to_center_dist = 128.0
active_LOD_index = 0
MMI_name = "MultiMeshInstance6"

[sub_resource type="Resource" id=1177]
resource_name = "MMIOctreeNode"
script = ExtResource( 3 )
__meta__ = {
"class": "MMIOctreeNode"
}
members = [  ]
child_nodes = [  ]
max_members = 75
min_leaf_extent = 1.0
octant = 5
is_leaf = true
center_pos = Vector3( 127, -213, 383 )
extent = 128.0
bounds = AABB( -1, -341, 255, 256, 256, 256 )
max_bounds_to_center_dist = 221.702
min_bounds_to_center_dist = 128.0
active_LOD_index = 1
MMI_name = "MultiMeshInstance7"

[sub_resource type="Resource" id=1178]
resource_name = "MMIOctreeNode"
script = ExtResource( 3 )
__meta__ = {
"class": "MMIOctreeNode"
}
members = [  ]
child_nodes = [  ]
max_members = 75
min_leaf_extent = 1.0
octant = 0
is_leaf = true
center_pos = Vector3( 31, -53, 31 )
extent = 32.0
bounds = AABB( -1, -85, -1, 64, 64, 64 )
max_bounds_to_center_dist = 55.4256
min_bounds_to_center_dist = 32.0
active_LOD_index = 1
MMI_name = "MultiMeshInstance14"

[sub_resource type="Resource" id=1179]
resource_name = "MMIOctreeNode"
script = ExtResource( 3 )
__meta__ = {
"class": "MMIOctreeNode"
}
members = [  ]
child_nodes = [  ]
max_members = 75
min_leaf_extent = 1.0
octant = 1
is_leaf = true
center_pos = Vector3( 31, -53, 95 )
extent = 32.0
bounds = AABB( -1, -85, 63, 64, 64, 64 )
max_bounds_to_center_dist = 55.4256
min_bounds_to_center_dist = 32.0
active_LOD_index = 1
MMI_name = "MultiMeshInstance24"

[sub_resource type="Resource" id=1180]
resource_name = "PlacementTransform"
script = ExtResource( 12 )
__meta__ = {
"class": "PlacementTransform"
}
placement = Vector3( 14.5328, 0.500204, 19.9334 )
surface_normal = Vector3( 4.57471e-07, 1, -1.37241e-06 )
transform = Transform( 0.425284, 0, -0.90506, 0, 1, 0, 0.90506, 0, 0.425284, 14.5328, 0.500204, 19.9334 )
octree_octant = 0

[sub_resource type="Resource" id=1181]
resource_name = "PlacementTransform"
script = ExtResource( 12 )
__meta__ = {
"class": "PlacementTransform"
}
placement = Vector3( 11.7373, 0.500105, 11.4616 )
surface_normal = Vector3( -6.79735e-07, 1, 3.39867e-07 )
transform = Transform( -0.286581, 0, 0.958056, 0, 1, 0, -0.958056, 0, -0.286581, 11.7373, 0.500105, 11.4616 )
octree_octant = 0

[sub_resource type="Resource" id=1182]
resource_name = "PlacementTransform"
script = ExtResource( 12 )
__meta__ = {
"class": "PlacementTransform"
}
placement = Vector3( 16.0174, 0.50023, 25.9641 )
surface_normal = Vector3( 9.53303e-07, 1, -1.19163e-06 )
transform = Transform( 0.445567, 0, 0.895249, 0, 1, 0, -0.895249, 0, 0.445567, 16.0174, 0.50023, 25.9641 )
octree_octant = 0

[sub_resource type="Resource" id=1183]
resource_name = "PlacementTransform"
script = ExtResource( 12 )
__meta__ = {
"class": "PlacementTransform"
}
placement = Vector3( 18.7968, 0.500162, 35.001 )
surface_normal = Vector3( 4.62841e-07, 1, -9.25682e-07 )
transform = Transform( -0.95434, 0, 0.298722, 0, 1, 0, -0.298722, 0, -0.95434, 18.7968, 0.500162, 35.001 )
octree_octant = 1

[sub_resource type="Resource" id=1184]
resource_name = "PlacementTransform"
script = ExtResource( 12 )
__meta__ = {
"class": "PlacementTransform"
}
placement = Vector3( 27.9864, 0.500146, 39.9932 )
surface_normal = Vector3( 1.14342e-06, 1, -4.57367e-07 )
transform = Transform( 0.7772, 0, -0.629254, 0, 1, 0, 0.629254, 0, 0.7772, 27.9864, 0.500146, 39.9932 )
octree_octant = 1

[sub_resource type="Resource" id=1185]
resource_name = "PlacementTransform"
script = ExtResource( 12 )
__meta__ = {
"class": "PlacementTransform"
}
placement = Vector3( 37.8525, 0.500066, 41.1629 )
surface_normal = Vector3( 0, 1, -4.66674e-07 )
transform = Transform( 0.996587, 0, -0.0825472, 0, 1, 0, 0.0825472, 0, 0.996587, 37.8525, 0.500066, 41.1629 )
octree_octant = 5

[sub_resource type="Resource" id=1186]
resource_name = "PlacementTransform"
script = ExtResource( 12 )
__meta__ = {
"class": "PlacementTransform"
}
placement = Vector3( 44.5376, 0.500269, 44.2399 )
surface_normal = Vector3( 9.86898e-07, 1, -1.48035e-06 )
transform = Transform( 0.759815, 0, 0.65014, 0, 1, 0, -0.65014, 0, 0.759815, 44.5376, 0.500269, 44.2399 )
octree_octant = 5

[sub_resource type="Resource" id=1187]
resource_name = "PlacementTransform"
script = ExtResource( 12 )
__meta__ = {
"class": "PlacementTransform"
}
placement = Vector3( 53.3166, 0.500021, 47.9515 )
surface_normal = Vector3( 4.51012e-07, 1, 0 )
transform = Transform( 0.9172, 0, -0.398427, 0, 1, 0, 0.398427, 0, 0.9172, 53.3166, 0.500021, 47.9515 )
octree_octant = 5

[sub_resource type="Resource" id=1188]
resource_name = "PlacementTransform"
script = ExtResource( 12 )
__meta__ = {
"class": "PlacementTransform"
}
placement = Vector3( 60.6585, 0.500024, 47.486 )
surface_normal = Vector3( 0, 1, 4.69229e-07 )
transform = Transform( 0.995345, 0, -0.0963712, 0, 1, 0, 0.0963712, 0, 0.995345, 60.6585, 0.500024, 47.486 )
octree_octant = 5

[sub_resource type="Resource" id=1189]
resource_name = "PlacementTransform"
script = ExtResource( 12 )
__meta__ = {
"class": "PlacementTransform"
}
placement = Vector3( 14.2362, 0.500113, 54.3693 )
surface_normal = Vector3( 1.32291e-06, 1, 0 )
transform = Transform( 0.381613, 0, -0.924322, 0, 1, 0, 0.924322, 0, 0.381613, 14.2362, 0.500113, 54.3693 )
octree_octant = 1

[sub_resource type="Resource" id=1190]
resource_name = "PlacementTransform"
script = ExtResource( 12 )
__meta__ = {
"class": "PlacementTransform"
}
placement = Vector3( 11.6964, 0.500237, 46.5131 )
surface_normal = Vector3( -1.5075e-06, 1, -4.63847e-07 )
transform = Transform( 0.549851, 0, 0.835263, 0, 1, 0, -0.835263, 0, 0.549851, 11.6964, 0.500237, 46.5131 )
octree_octant = 1

[sub_resource type="Resource" id=1191]
resource_name = "PlacementTransform"
script = ExtResource( 12 )
__meta__ = {
"class": "PlacementTransform"
}
placement = Vector3( 9.89462, 0.500258, 39.4848 )
surface_normal = Vector3( -5.80327e-07, 1, -1.39278e-06 )
transform = Transform( -0.865776, 0, -0.500431, 0, 1, 0, 0.500431, 0, -0.865776, 9.89462, 0.500258, 39.4848 )
octree_octant = 1

[sub_resource type="Resource" id=1192]
resource_name = "PlacementTransform"
script = ExtResource( 12 )
__meta__ = {
"class": "PlacementTransform"
}
placement = Vector3( 7.71878, 0.500095, 30.9023 )
surface_normal = Vector3( -5.6164e-08, 1, -6.73968e-07 )
transform = Transform( -0.561324, 0, -0.827596, 0, 1, 0, 0.827596, 0, -0.561324, 7.71878, 0.500095, 30.9023 )
octree_octant = 0

[sub_resource type="Resource" id=1193]
resource_name = "PlacementTransform"
script = ExtResource( 12 )
__meta__ = {
"class": "PlacementTransform"
}
placement = Vector3( 60.876, 0.500043, 56.0813 )
surface_normal = Vector3( 0, 1, -2.71534e-07 )
transform = Transform( 0.11838, 0, -0.992968, 0, 1, 0, 0.992968, 0, 0.11838, 60.876, 0.500043, 56.0813 )
octree_octant = 5

[sub_resource type="Resource" id=1194]
resource_name = "PlacementTransform"
script = ExtResource( 12 )
__meta__ = {
"class": "PlacementTransform"
}
placement = Vector3( 61.7998, 0.500042, 6.67728 )
surface_normal = Vector3( 3.13162e-07, 1, 3.13162e-07 )
transform = Transform( -0.0312179, 0, -0.999513, 0, 1, 0, 0.999513, 0, -0.0312179, 61.7998, 0.500042, 6.67728 )
octree_octant = 4

[sub_resource type="Resource" id=1195]
resource_name = "PlacementTransform"
script = ExtResource( 12 )
__meta__ = {
"class": "PlacementTransform"
}
placement = Vector3( 51.2651, 0.50006, 7.72877 )
surface_normal = Vector3( 0, 1, -5.63384e-07 )
transform = Transform( -0.988585, 0, 0.150664, 0, 1, 0, -0.150664, 0, -0.988585, 51.2651, 0.50006, 7.72877 )
octree_octant = 4

[sub_resource type="Resource" id=1196]
resource_name = "PlacementTransform"
script = ExtResource( 12 )
__meta__ = {
"class": "PlacementTransform"
}
placement = Vector3( 53.0076, 0.499998, 19.7415 )
surface_normal = Vector3( 0, 1, 0 )
transform = Transform( 0.996515, 0, -0.0834166, 0, 1, 0, 0.0834166, 0, 0.996515, 53.0076, 0.499998, 19.7415 )
octree_octant = 4

[sub_resource type="Resource" id=1197]
resource_name = "PlacementTransform"
script = ExtResource( 12 )
__meta__ = {
"class": "PlacementTransform"
}
placement = Vector3( 42.888, 0.500081, 19.1601 )
surface_normal = Vector3( 8.29555e-07, 1, 4.14778e-07 )
transform = Transform( -0.801161, 0, 0.598449, 0, 1, 0, -0.598449, 0, -0.801161, 42.888, 0.500081, 19.1601 )
octree_octant = 4

[sub_resource type="Resource" id=1198]
resource_name = "PlacementTransform"
script = ExtResource( 12 )
__meta__ = {
"class": "PlacementTransform"
}
placement = Vector3( 52.9918, 0.500106, 27.6791 )
surface_normal = Vector3( -4.08239e-07, 1, -3.40199e-07 )
transform = Transform( -0.972862, 0, 0.231388, 0, 1, 0, -0.231388, 0, -0.972862, 52.9918, 0.500106, 27.6791 )
octree_octant = 4

[sub_resource type="Resource" id=1199]
resource_name = "PlacementTransform"
script = ExtResource( 12 )
__meta__ = {
"class": "PlacementTransform"
}
placement = Vector3( 46.1263, 0.5, 30.0222 )
surface_normal = Vector3( 0, 1, 0 )
transform = Transform( -0.455921, 0, -0.89002, 0, 1, 0, 0.89002, 0, -0.455921, 46.1263, 0.5, 30.0222 )
octree_octant = 4

[sub_resource type="Resource" id=1200]
resource_name = "PlacementTransform"
script = ExtResource( 12 )
__meta__ = {
"class": "PlacementTransform"
}
placement = Vector3( 51.1273, 0.500031, 36.7587 )
surface_normal = Vector3( -1.5109e-07, 1, 1.5109e-07 )
transform = Transform( -0.986289, 0, 0.165028, 0, 1, 0, -0.165028, 0, -0.986289, 51.1273, 0.500031, 36.7587 )
octree_octant = 5

[sub_resource type="Resource" id=1201]
resource_name = "PlacementTransform"
script = ExtResource( 12 )
__meta__ = {
"class": "PlacementTransform"
}
placement = Vector3( 45.0717, 0.50006, 39.4723 )
surface_normal = Vector3( -2.2778e-07, 1, 4.5556e-07 )
transform = Transform( 0.715281, 0, 0.698837, 0, 1, 0, -0.698837, 0, 0.715281, 45.0717, 0.50006, 39.4723 )
octree_octant = 5

[sub_resource type="Resource" id=1202]
resource_name = "PlacementTransform"
script = ExtResource( 12 )
__meta__ = {
"class": "PlacementTransform"
}
placement = Vector3( 37.4063, 0.500037, 13.7701 )
surface_normal = Vector3( 0, 1, 4.40584e-07 )
transform = Transform( 0.140169, 0, -0.990128, 0, 1, 0, 0.990128, 0, 0.140169, 37.4063, 0.500037, 13.7701 )
octree_octant = 4

[sub_resource type="Resource" id=1203]
resource_name = "PlacementTransform"
script = ExtResource( 12 )
__meta__ = {
"class": "PlacementTransform"
}
placement = Vector3( 37.1079, 0.500098, 25.6972 )
surface_normal = Vector3( -4.06784e-07, 1, -3.38987e-07 )
transform = Transform( -0.685146, 0, -0.728406, 0, 1, 0, 0.728406, 0, -0.685146, 37.1079, 0.500098, 25.6972 )
octree_octant = 4

[sub_resource type="Resource" id=1204]
resource_name = "PlacementTransform"
script = ExtResource( 12 )
__meta__ = {
"class": "PlacementTransform"
}
placement = Vector3( 40.0885, 0.500041, 36.1228 )
surface_normal = Vector3( 4.09295e-07, 1, 2.72863e-07 )
transform = Transform( 0.657198, 0, 0.753718, 0, 1, 0, -0.753718, 0, 0.657198, 40.0885, 0.500041, 36.1228 )
octree_octant = 5

[sub_resource type="Resource" id=1205]
resource_name = "PlacementTransform"
script = ExtResource( 12 )
__meta__ = {
"class": "PlacementTransform"
}
placement = Vector3( 36.1613, 0.500018, 4.7558 )
surface_normal = Vector3( 0, 1, 1.92784e-07 )
transform = Transform( -0.8594, 0, -0.511304, 0, 1, 0, 0.511304, 0, -0.8594, 36.1613, 0.500018, 4.7558 )
octree_octant = 4

[sub_resource type="Resource" id=1206]
resource_name = "PlacementTransform"
script = ExtResource( 12 )
__meta__ = {
"class": "PlacementTransform"
}
placement = Vector3( 31.1252, 0.500051, 3.02568 )
surface_normal = Vector3( 4.13793e-07, 1, 2.41379e-07 )
transform = Transform( -0.923322, 0, 0.384027, 0, 1, 0, -0.384027, 0, -0.923322, 31.1252, 0.500051, 3.02568 )
octree_octant = 4

[sub_resource type="Resource" id=1207]
resource_name = "PlacementTransform"
script = ExtResource( 12 )
__meta__ = {
"class": "PlacementTransform"
}
placement = Vector3( 21.0048, 0.500047, 2.41944 )
surface_normal = Vector3( 8.68421e-08, 1, -3.9079e-07 )
transform = Transform( -0.991948, 0, -0.126649, 0, 1, 0, 0.126649, 0, -0.991948, 21.0048, 0.500047, 2.41944 )
octree_octant = 0

[sub_resource type="Resource" id=1208]
resource_name = "PlacementTransform"
script = ExtResource( 12 )
__meta__ = {
"class": "PlacementTransform"
}
placement = Vector3( 16.3305, 0.500026, 15.0763 )
surface_normal = Vector3( 1.5122e-07, 1, -1.13415e-07 )
transform = Transform( -0.959421, 0, -0.281978, 0, 1, 0, 0.281978, 0, -0.959421, 16.3305, 0.500026, 15.0763 )
octree_octant = 0

[sub_resource type="Resource" id=1209]
resource_name = "PlacementTransform"
script = ExtResource( 12 )
__meta__ = {
"class": "PlacementTransform"
}
placement = Vector3( 30.6135, 0.500031, 23.7968 )
surface_normal = Vector3( -1.13717e-07, 1, -1.13717e-07 )
transform = Transform( -0.82279, 0, 0.568345, 0, 1, 0, -0.568345, 0, -0.82279, 30.6135, 0.500031, 23.7968 )
octree_octant = 0

[sub_resource type="Resource" id=1210]
resource_name = "PlacementTransform"
script = ExtResource( 12 )
__meta__ = {
"class": "PlacementTransform"
}
placement = Vector3( 6.80387, 0.500147, 19.3201 )
surface_normal = Vector3( 1.05652e-06, 1, 6.03727e-07 )
transform = Transform( -0.575736, 0, -0.817635, 0, 1, 0, 0.817635, 0, -0.575736, 6.80387, 0.500147, 19.3201 )
octree_octant = 0

[sub_resource type="Resource" id=1211]
resource_name = "PlacementTransform"
script = ExtResource( 12 )
__meta__ = {
"class": "PlacementTransform"
}
placement = Vector3( 59.4663, 0.500051, 32.2657 )
surface_normal = Vector3( 2.94583e-07, 1, -2.94583e-07 )
transform = Transform( -0.79351, 0, 0.608558, 0, 1, 0, -0.608558, 0, -0.79351, 59.4663, 0.500051, 32.2657 )
octree_octant = 5

[sub_resource type="Resource" id=1212]
resource_name = "PlacementTransform"
script = ExtResource( 12 )
__meta__ = {
"class": "PlacementTransform"
}
placement = Vector3( 29.427, 0.500008, 34.2535 )
surface_normal = Vector3( 6.14518e-08, 1, 0 )
transform = Transform( 0.497148, 0, 0.867666, 0, 1, 0, -0.867666, 0, 0.497148, 29.427, 0.500008, 34.2535 )
octree_octant = 1

[sub_resource type="Resource" id=1213]
resource_name = "PlacementTransform"
script = ExtResource( 12 )
__meta__ = {
"class": "PlacementTransform"
}
placement = Vector3( 30.2191, 0.50004, 52.0773 )
surface_normal = Vector3( -1.24879e-07, 1, 4.99517e-07 )
transform = Transform( -0.907397, 0, -0.420274, 0, 1, 0, 0.420274, 0, -0.907397, 30.2191, 0.50004, 52.0773 )
octree_octant = 1

[sub_resource type="Resource" id=1214]
resource_name = "PlacementTransform"
script = ExtResource( 12 )
__meta__ = {
"class": "PlacementTransform"
}
placement = Vector3( 17.5056, 0.500097, 1.56168 )
surface_normal = Vector3( 5.69877e-07, 1, 5.11999e-07 )
transform = Transform( 0.653307, 0, 0.757093, 0, 1, 0, -0.757093, 0, 0.653307, 17.5056, 0.500097, 1.56168 )
octree_octant = 0

[sub_resource type="Resource" id=1215]
resource_name = "PlacementTransform"
script = ExtResource( 12 )
__meta__ = {
"class": "PlacementTransform"
}
placement = Vector3( 47.9272, 0.500034, 12.8459 )
surface_normal = Vector3( 0, 1, -3.09286e-07 )
transform = Transform( 0.91519, 0, -0.403024, 0, 1, 0, 0.403024, 0, 0.91519, 47.9272, 0.500034, 12.8459 )
octree_octant = 4

[sub_resource type="Resource" id=1216]
resource_name = "PlacementTransform"
script = ExtResource( 12 )
__meta__ = {
"class": "PlacementTransform"
}
placement = Vector3( 36.9666, 0.500093, 49.4957 )
surface_normal = Vector3( -4.37821e-07, 1, -2.1891e-07 )
transform = Transform( -0.962937, 0, -0.269727, 0, 1, 0, 0.269727, 0, -0.962937, 36.9666, 0.500093, 49.4957 )
octree_octant = 5

[sub_resource type="Resource" id=1217]
resource_name = "PlacementTransform"
script = ExtResource( 12 )
__meta__ = {
"class": "PlacementTransform"
}
placement = Vector3( 20.8851, 0.500008, 29.3075 )
surface_normal = Vector3( 0, 1, 1.13079e-07 )
transform = Transform( -0.77688, 0, 0.629649, 0, 1, 0, -0.629649, 0, -0.77688, 20.8851, 0.500008, 29.3075 )
octree_octant = 0

[sub_resource type="Resource" id=1218]
resource_name = "PlacementTransform"
script = ExtResource( 12 )
__meta__ = {
"class": "PlacementTransform"
}
placement = Vector3( 24.5859, 0.50005, 50.8078 )
surface_normal = Vector3( 4.77618e-07, 1, 3.18412e-07 )
transform = Transform( 0.987304, 0, 0.158844, 0, 1, 0, -0.158844, 0, 0.987304, 24.5859, 0.50005, 50.8078 )
octree_octant = 1

[sub_resource type="Resource" id=1219]
resource_name = "PlacementTransform"
script = ExtResource( 12 )
__meta__ = {
"class": "PlacementTransform"
}
placement = Vector3( 22.9523, 0.500075, 58.5357 )
surface_normal = Vector3( -2.66701e-07, 1, -2.66701e-07 )
transform = Transform( -0.967101, 0, 0.254393, 0, 1, 0, -0.254393, 0, -0.967101, 22.9523, 0.500075, 58.5357 )
octree_octant = 1

[sub_resource type="Resource" id=1220]
resource_name = "PlacementTransform"
script = ExtResource( 12 )
__meta__ = {
"class": "PlacementTransform"
}
placement = Vector3( 5.82134, 0.500063, 59.8673 )
surface_normal = Vector3( 4.16463e-07, 1, 6.05764e-07 )
transform = Transform( 0.696395, 0, 0.717659, 0, 1, 0, -0.717659, 0, 0.696395, 5.82134, 0.500063, 59.8673 )
octree_octant = 1

[sub_resource type="Resource" id=1221]
resource_name = "PlacementTransform"
script = ExtResource( 12 )
__meta__ = {
"class": "PlacementTransform"
}
placement = Vector3( 19.6863, 0.500015, 47.2475 )
surface_normal = Vector3( 1.18275e-07, 1, 1.18275e-07 )
transform = Transform( 0.332207, 0, -0.943206, 0, 1, 0, 0.943206, 0, 0.332207, 19.6863, 0.500015, 47.2475 )
octree_octant = 1

[sub_resource type="Resource" id=1222]
resource_name = "PlacementTransform"
script = ExtResource( 12 )
__meta__ = {
"class": "PlacementTransform"
}
placement = Vector3( 21.6141, 0.500033, 62.6299 )
surface_normal = Vector3( -2.45436e-07, 1, 1.22718e-07 )
transform = Transform( -0.484169, 0, -0.874975, 0, 1, 0, 0.874975, 0, -0.484169, 21.6141, 0.500033, 62.6299 )
octree_octant = 1

[sub_resource type="Resource" id=1223]
resource_name = "MMIOctreeNode"
script = ExtResource( 3 )
__meta__ = {
"class": "MMIOctreeNode"
}
members = [ SubResource( 1180 ), SubResource( 1181 ), SubResource( 1182 ), SubResource( 1183 ), SubResource( 1184 ), SubResource( 1185 ), SubResource( 1186 ), SubResource( 1187 ), SubResource( 1188 ), SubResource( 1189 ), SubResource( 1190 ), SubResource( 1191 ), SubResource( 1192 ), SubResource( 1193 ), SubResource( 1194 ), SubResource( 1195 ), SubResource( 1196 ), SubResource( 1197 ), SubResource( 1198 ), SubResource( 1199 ), SubResource( 1200 ), SubResource( 1201 ), SubResource( 1202 ), SubResource( 1203 ), SubResource( 1204 ), SubResource( 1205 ), SubResource( 1206 ), SubResource( 1207 ), SubResource( 1208 ), SubResource( 1209 ), SubResource( 1210 ), SubResource( 1211 ), SubResource( 1212 ), SubResource( 1213 ), SubResource( 1214 ), SubResource( 1215 ), SubResource( 1216 ), SubResource( 1217 ), SubResource( 1218 ), SubResource( 1219 ), SubResource( 1220 ), SubResource( 1221 ), SubResource( 1222 ) ]
child_nodes = [  ]
max_members = 75
min_leaf_extent = 1.0
octant = 2
is_leaf = true
center_pos = Vector3( 31, 11, 31 )
extent = 32.0
bounds = AABB( -1, -21, -1, 64, 64, 64 )
max_bounds_to_center_dist = 55.4256
min_bounds_to_center_dist = 32.0
active_LOD_index = 1
MMI_name = "MultiMeshInstance25"

[sub_resource type="Resource" id=1224]
resource_name = "PlacementTransform"
script = ExtResource( 12 )
__meta__ = {
"class": "PlacementTransform"
}
placement = Vector3( 51.7563, 0, 123.718 )
surface_normal = Vector3( 0, 1, 0 )
transform = Transform( -0.178374, 0, -0.983963, 0, 1, 0, 0.983963, 0, -0.178374, 51.7563, 0, 123.718 )
octree_octant = 5

[sub_resource type="Resource" id=1225]
resource_name = "PlacementTransform"
script = ExtResource( 12 )
__meta__ = {
"class": "PlacementTransform"
}
placement = Vector3( 41.0189, 0, 114.799 )
surface_normal = Vector3( 0, 1, 0 )
transform = Transform( -0.347193, 0, -0.937794, 0, 1, 0, 0.937794, 0, -0.347193, 41.0189, 0, 114.799 )
octree_octant = 5

[sub_resource type="Resource" id=1226]
resource_name = "PlacementTransform"
script = ExtResource( 12 )
__meta__ = {
"class": "PlacementTransform"
}
placement = Vector3( 34.7018, 0, 108.456 )
surface_normal = Vector3( 0, 1, 0 )
transform = Transform( -0.999021, 0, 0.0442396, 0, 1, 0, -0.0442396, 0, -0.999021, 34.7018, 0, 108.456 )
octree_octant = 5

[sub_resource type="Resource" id=1227]
resource_name = "PlacementTransform"
script = ExtResource( 12 )
__meta__ = {
"class": "PlacementTransform"
}
placement = Vector3( 31.0779, 0.500113, 99.973 )
surface_normal = Vector3( 1.63961e-06, 1, 9.36922e-07 )
transform = Transform( -0.524661, 0, 0.851311, 0, 1, 0, -0.851311, 0, -0.524661, 31.0779, 0.500113, 99.973 )
octree_octant = 5

[sub_resource type="Resource" id=1228]
resource_name = "PlacementTransform"
script = ExtResource( 12 )
__meta__ = {
"class": "PlacementTransform"
}
placement = Vector3( 24.7915, 0.500071, 91.3956 )
surface_normal = Vector3( 9.39311e-07, 1, 0 )
transform = Transform( -0.999991, 0, -0.00427723, 0, 1, 0, 0.00427723, 0, -0.999991, 24.7915, 0.500071, 91.3956 )
octree_octant = 0

[sub_resource type="Resource" id=1229]
resource_name = "PlacementTransform"
script = ExtResource( 12 )
__meta__ = {
"class": "PlacementTransform"
}
placement = Vector3( 21.0895, 0.500245, 82.6832 )
surface_normal = Vector3( -2.0206e-06, 1, 0 )
transform = Transform( 0.404012, 0, 0.914754, 0, 1, 0, -0.914754, 0, 0.404012, 21.0895, 0.500245, 82.6832 )
octree_octant = 0

[sub_resource type="Resource" id=1230]
resource_name = "PlacementTransform"
script = ExtResource( 12 )
__meta__ = {
"class": "PlacementTransform"
}
placement = Vector3( 16.8942, 0.500019, 71.3972 )
surface_normal = Vector3( 2.29401e-07, 1, 0 )
transform = Transform( 0.361554, 0, 0.932351, 0, 1, 0, -0.932351, 0, 0.361554, 16.8942, 0.500019, 71.3972 )
octree_octant = 0

[sub_resource type="Resource" id=1231]
resource_name = "PlacementTransform"
script = ExtResource( 12 )
__meta__ = {
"class": "PlacementTransform"
}
placement = Vector3( 13.7394, 0.500036, 63.4285 )
surface_normal = Vector3( 2.26579e-07, 1, 4.53158e-07 )
transform = Transform( -0.247161, 0, -0.968975, 0, 1, 0, 0.968975, 0, -0.247161, 13.7394, 0.500036, 63.4285 )
octree_octant = 0

[sub_resource type="Resource" id=1232]
resource_name = "PlacementTransform"
script = ExtResource( 12 )
__meta__ = {
"class": "PlacementTransform"
}
placement = Vector3( 56.672, 0.5, 82.0954 )
surface_normal = Vector3( 0, 1, 0 )
transform = Transform( -0.99146, 0, 0.130409, 0, 1, 0, -0.130409, 0, -0.99146, 56.672, 0.5, 82.0954 )
octree_octant = 4

[sub_resource type="Resource" id=1233]
resource_name = "PlacementTransform"
script = ExtResource( 12 )
__meta__ = {
"class": "PlacementTransform"
}
placement = Vector3( 55.8012, 0, 101.248 )
surface_normal = Vector3( 0, 1, 0 )
transform = Transform( -0.0890308, 0, -0.996029, 0, 1, 0, 0.996029, 0, -0.0890308, 55.8012, 0, 101.248 )
octree_octant = 5

[sub_resource type="Resource" id=1234]
resource_name = "PlacementTransform"
script = ExtResource( 12 )
__meta__ = {
"class": "PlacementTransform"
}
placement = Vector3( 58.622, 0, 111.711 )
surface_normal = Vector3( 0, 1, 0 )
transform = Transform( -0.0863956, 0, 0.996261, 0, 1, 0, -0.996261, 0, -0.0863956, 58.622, 0, 111.711 )
octree_octant = 5

[sub_resource type="Resource" id=1235]
resource_name = "PlacementTransform"
script = ExtResource( 12 )
__meta__ = {
"class": "PlacementTransform"
}
placement = Vector3( 51.3149, 0.500014, 72.774 )
surface_normal = Vector3( 1.60585e-07, 1, 3.2117e-07 )
transform = Transform( 0.740668, 0, -0.671871, 0, 1, 0, 0.671871, 0, 0.740668, 51.3149, 0.500014, 72.774 )
octree_octant = 4

[sub_resource type="Resource" id=1236]
resource_name = "PlacementTransform"
script = ExtResource( 12 )
__meta__ = {
"class": "PlacementTransform"
}
placement = Vector3( 43.3253, 0.500024, 83.9244 )
surface_normal = Vector3( 4.37562e-07, 1, 0 )
transform = Transform( -0.425847, 0, 0.904795, 0, 1, 0, -0.904795, 0, -0.425847, 43.3253, 0.500024, 83.9244 )
octree_octant = 4

[sub_resource type="Resource" id=1237]
resource_name = "PlacementTransform"
script = ExtResource( 12 )
__meta__ = {
"class": "PlacementTransform"
}
placement = Vector3( 55.6984, 0.500021, 96.3711 )
surface_normal = Vector3( -1.3786e-07, 1, 0 )
transform = Transform( -0.861558, 0, -0.50766, 0, 1, 0, 0.50766, 0, -0.861558, 55.6984, 0.500021, 96.3711 )
octree_octant = 5

[sub_resource type="Resource" id=1238]
resource_name = "PlacementTransform"
script = ExtResource( 12 )
__meta__ = {
"class": "PlacementTransform"
}
placement = Vector3( 29.3371, 0.500102, 66.6636 )
surface_normal = Vector3( 1.01778e-06, 1, 9.04692e-07 )
transform = Transform( 0.189644, 0, 0.981853, 0, 1, 0, -0.981853, 0, 0.189644, 29.3371, 0.500102, 66.6636 )
octree_octant = 0

[sub_resource type="Resource" id=1239]
resource_name = "PlacementTransform"
script = ExtResource( 12 )
__meta__ = {
"class": "PlacementTransform"
}
placement = Vector3( 7.48933, 0.500088, 73.5989 )
surface_normal = Vector3( -2.28168e-07, 1, -3.65069e-07 )
transform = Transform( -0.955558, 0, 0.294805, 0, 1, 0, -0.294805, 0, -0.955558, 7.48933, 0.500088, 73.5989 )
octree_octant = 0

[sub_resource type="Resource" id=1240]
resource_name = "PlacementTransform"
script = ExtResource( 12 )
__meta__ = {
"class": "PlacementTransform"
}
placement = Vector3( 44.7072, 0.500015, 78.1656 )
surface_normal = Vector3( 2.65541e-07, 1, 0 )
transform = Transform( 0.997156, 0, 0.0753636, 0, 1, 0, -0.0753636, 0, 0.997156, 44.7072, 0.500015, 78.1656 )
octree_octant = 4

[sub_resource type="Resource" id=1241]
resource_name = "PlacementTransform"
script = ExtResource( 12 )
__meta__ = {
"class": "PlacementTransform"
}
placement = Vector3( 32.1537, 0.50008, 76.6862 )
surface_normal = Vector3( -2.63026e-07, 1, -2.63026e-07 )
transform = Transform( 0.691155, 0, 0.722706, 0, 1, 0, -0.722706, 0, 0.691155, 32.1537, 0.50008, 76.6862 )
octree_octant = 4

[sub_resource type="Resource" id=1242]
resource_name = "PlacementTransform"
script = ExtResource( 12 )
__meta__ = {
"class": "PlacementTransform"
}
placement = Vector3( 24.5956, 0.500027, 75.9399 )
surface_normal = Vector3( -2.33303e-07, 1, 0 )
transform = Transform( 0.782131, 0, -0.623114, 0, 1, 0, 0.623114, 0, 0.782131, 24.5956, 0.500027, 75.9399 )
octree_octant = 0

[sub_resource type="Resource" id=1243]
resource_name = "PlacementTransform"
script = ExtResource( 12 )
__meta__ = {
"class": "PlacementTransform"
}
placement = Vector3( 31.5666, 0.500072, 86.8945 )
surface_normal = Vector3( 9.16925e-07, 1, 8.46392e-07 )
transform = Transform( -0.574316, 0, -0.818633, 0, 1, 0, 0.818633, 0, -0.574316, 31.5666, 0.500072, 86.8945 )
octree_octant = 4

[sub_resource type="Resource" id=1244]
resource_name = "PlacementTransform"
script = ExtResource( 12 )
__meta__ = {
"class": "PlacementTransform"
}
placement = Vector3( 14.4889, 0.500004, 87.1907 )
surface_normal = Vector3( 2.93797e-08, 1, 0 )
transform = Transform( 0.208349, 0, 0.978054, 0, 1, 0, -0.978054, 0, 0.208349, 14.4889, 0.500004, 87.1907 )
octree_octant = 0

[sub_resource type="Resource" id=1245]
resource_name = "PlacementTransform"
script = ExtResource( 12 )
__meta__ = {
"class": "PlacementTransform"
}
placement = Vector3( 15.8596, 0.500035, 95.6191 )
surface_normal = Vector3( 4.10319e-07, 1, 2.73546e-07 )
transform = Transform( 0.746086, 0, 0.66585, 0, 1, 0, -0.66585, 0, 0.746086, 15.8596, 0.500035, 95.6191 )
octree_octant = 1

[sub_resource type="Resource" id=1246]
resource_name = "PlacementTransform"
script = ExtResource( 12 )
__meta__ = {
"class": "PlacementTransform"
}
placement = Vector3( 21.1043, -9.53674e-07, 104.345 )
surface_normal = Vector3( 0, 1, 0 )
transform = Transform( 0.175738, 0, -0.984437, 0, 1, 0, 0.984437, 0, 0.175738, 21.1043, -9.53674e-07, 104.345 )
octree_octant = 1

[sub_resource type="Resource" id=1247]
resource_name = "PlacementTransform"
script = ExtResource( 12 )
__meta__ = {
"class": "PlacementTransform"
}
placement = Vector3( 14.215, 4.76837e-07, 106.256 )
surface_normal = Vector3( 0, 1, 0 )
transform = Transform( 0.774798, 0, -0.632209, 0, 1, 0, 0.632209, 0, 0.774798, 14.215, 4.76837e-07, 106.256 )
octree_octant = 1

[sub_resource type="Resource" id=1248]
resource_name = "PlacementTransform"
script = ExtResource( 12 )
__meta__ = {
"class": "PlacementTransform"
}
placement = Vector3( 3.79604, 0, 104.132 )
surface_normal = Vector3( 0, 1, 0 )
transform = Transform( 0.998873, 0, -0.0474727, 0, 1, 0, 0.0474727, 0, 0.998873, 3.79604, 0, 104.132 )
octree_octant = 1

[sub_resource type="Resource" id=1249]
resource_name = "PlacementTransform"
script = ExtResource( 12 )
__meta__ = {
"class": "PlacementTransform"
}
placement = Vector3( 10.7072, 0.500033, 76.1923 )
surface_normal = Vector3( 1.8504e-07, 1, 7.40159e-07 )
transform = Transform( -0.998383, 0, -0.0568483, 0, 1, 0, 0.0568483, 0, -0.998383, 10.7072, 0.500033, 76.1923 )
octree_octant = 0

[sub_resource type="Resource" id=1250]
resource_name = "PlacementTransform"
script = ExtResource( 12 )
__meta__ = {
"class": "PlacementTransform"
}
placement = Vector3( 40.4514, 0.500016, 86.5229 )
surface_normal = Vector3( 2.64154e-07, 1, 0 )
transform = Transform( 0.12992, 0, 0.991525, 0, 1, 0, -0.991525, 0, 0.12992, 40.4514, 0.500016, 86.5229 )
octree_octant = 4

[sub_resource type="Resource" id=1251]
resource_name = "PlacementTransform"
